560,3
560,1
115,8
115,6
115,5
115,3
115,1
21,3
21,2
21,1
21,0
20,3
20,2
20,1
19,3
19,2
19,1
17,3
17,2
17,1
18,1
16,3
18,3
16,2
16,1
15,3
15,2
15,1
14,4
14,2
14,3
14,1
13,4
13,3
13,2
13,1
12,3
12,2
12,1
11,3
11,2
11,1
10,3
10,2
10,1
9,3
9,2
9,1
8,3
8,2
8,1
7,13
7,12
7,11
7,10
7,9
7,3
7,2
7,1
6,2
5,4
5,3
5,2
5,1
4,64
4,39
4,38
4,33
4,28
4,24
4,13
4,4
4,3
4,2
4,1
3,3
3,2
3,1
2,3
2,2
2,1
0,410
0,387
0,385
0,316
0,0
599,34
599,33
599,32
599,31
599,30
599,29
599,28
599,27
599,26
599,25
599,24
599,23
599,22
599,21
599,20
599,19
599,18
599,17
599,16
599,15
599,14
599,13
599,12
599,11
599,10
599,9
599,8
599,7
599,6
599,5
599,4
599,3
599,2
599,0
0,446
